e 1e 15 4c 11 57 1d 49 4 0 16 0 11 7 c 45 42 f 14 11 53 46 5 1c 13 53 4c 1a 12 6 54 53 f b 45 12 8 41 53 15 6 1c 45 46 e 0 0 45 19 49 1a 5 42 9 4 52 17 0 41 4 17 54 16 5 
1 a a 57 54 13 0 4f 0 45 2 4c d 3 7 45 57 2 d 18 53 50 8 e 9 7 0 7 7 b 45 53 8 15 4f 6 1 41 52 0 0 1c 0 15 1c 1c 45 4d 18 6 0 44 53 11 0 0 54 e 49 1f 0 54 16 d 
1b b 17 0 11 16 1d 54 1a 45 5 49 10 4c 18 0 54 2 d 54 4 4f b b 47 14 4c 12 6 1d 0 3 a 9 45 1 45 11 45 f 49 10 4f 9 2 52 15 48 18 7 b 44 53 6 13 17 11 6 0 1e a 1 f 8 
4f 3 10 53 1d 14 4f 56 1d c 7 45 42 1f 18 c 4c 6 41 18 12 55 3 7 47 10 52 a 55 1a 48 1a 5 12 0 18 b e 57 41 5 17 41 14 7 52 11 45 16 a 6 44 42 10 8 1e 10 48 42 1f 0 15 a 4c 
1d 1b b 0 3 16 3 4b 52 f 11 4d 12 4c 6 12 49 e 41 10 1 49 12 a 47 15 4c a 55 9 52 1c 1c 59 43 6 11 41 4f 11 c 1c 0 5 5 1d 16 45 57 1a 1a 5 52 11 41 1 0 7 50 4d 3 1d f 5 
1c 6 45 43 6 12 e 54 17 45 0 45 11 5 12 b 0 7 13 15 4 0 14 e e 1d 54 53 2 1c 49 7 e 59 52 16 4 5 0 12 19 17 41 d 49 1e c 53 3 c 0 44 57 4 15 11 1c 48 50 1 4 d 41 1b 
0 1c e 0 6 12 1c 54 52 16 8 45 7 1c 55 12 41 8 4 54 7 52 5 19 2 1f 0 16 d 1e 4c 1c 19 1c 0 17 c 12 43 e 1f 17 52 46 1b 17 8 45 1a b b 16 0 3 e 0 13 d 54 4d 6 1c e 3 
1c b 45 44 11 14 6 44 17 45 13 49 c 4c 19 a 53 6 41 1c 16 4c 14 4f 14 1b 41 1 10 4e 47 1a 1d 1c 0 7 4 a 45 41 b 0 49 8 e 52 16 45 19 d 4e 16 45 6 4 1b 2 d 0 e 4 18 d 4c 
e 0 16 57 11 5 4f 41 1 e 44 52 7 1c 19 1c 0 e e 2 16 0 10 1a 15 1d 0 3 0 1d 48 53 1b c 4c 1f 45 d 49 7 1d 52 44 14 6 2 45 48 18 5 a 44 43 4 13 0 d 48 4b 8 0 4 41 f 
7 f b 47 11 57 1c 54 13 1c 44 4c 7 d 3 0 0 6 f 0 16 52 44 a 1f 1a 54 53 17 b 47 1a 5 59 45 1d 1 41 43 e 7 6 49 8 1c 17 45 50 16 1c 1d 1 0 3 e 11 1 1b 0 1f 0 18 0 14 
4f 7 8 41 13 1e 1 45 52 15 8 41 c 4c 1a 17 47 2 f 1d 9 45 44 9 e b 0 1a 18 1e 52 1c 1d 1c 0 7 0 12 54 41 4 17 41 15 1c 0 0 0 14 6 1b a 54 45 2 13 18 b 55 1 4 0 4 4c 
